((("import" .
   [1 0 0 0 0 0])
  ("assign_to_dict" .
   [0 0 0 0 0 0 0 0 0 0 2 0 0 0])
  ("record" .
   [0 0 0 2 0 0])
  ("assign_to_" .
   [0 0 0 0 1 0 0 0 0 0])
  ("nurse" .
   [2 0 0 0 0])
  ("val" .
   [1 0 0])
  ("keys" .
   [3 0 0 0])
  ("assign_to_nurse_dict" .
   [1 1 0 0 0 0 0 0 0 0 0 0 0 0 0 0 0 0 0 0])
  ("recordset" .
   [3 0 1 0 0 0 1 0 0])
  ("for" .
   [7 0 0])
  ("any" .
   [2 0 0])
  ("assign_to_nurse_list" .
   [1 0 0 0 0 0 0 0 0 0 0 0 0 0 0 0 0 0 0 0])
  ("Assign" .
   [0 0 0 0 0 1])
  ("assign_to" .
   [0 0 0 4 0 1 0 0 0])
  ("python-mode" .
   [1 0 0 0 0 0 0 0 0 0 0])
  ("encounter_cd" .
   [2 0 0 0 0 0 0 0 0 0 2 0])
  ("encounter" .
   [0 1 3 0 0 0 0 0 0])
  ("event_title" .
   [1 0 0 0 0 0 0 0 0 0 0])
  ("rule_ctgy_cd" .
   [0 0 0 0 1 0 0 0 0 0 0 0])
  ("event_parameter_dict" .
   [0 0 0 1 0 0 0 0 0 0 0 0 0 0 0 0 0 0 0 0])
  ("encounter_id" .
   [0 0 0 1 1 0 0 0 0 0 0 0])
  ("None" .
   [2 0 0 0])
  ("claimant_id" .
   [0 0 0 1 0 0 0 0 0 0 0])
  ("values" .
   [2 0 0 0 0 0])
  ("sre_import_log_idn" .
   [0 0 0 0 0 0 0 0 1 0 0 0 0 0 0 0 0 0])
  ("Action" .
   [1 0 0 0 0 0])
  ("Reset" .
   [0 0 1 0 0])
  ("'sys_user_id'" .
   [0 0 0 0 3 0 0 0 0 0 0 0 0])
  ("TimeStamp" .
   [0 0 0 0 1 0 0 0 0])
  ("Failure" .
   [1 0 0 0 0 0 0])
  ("dtml-else" .
   [0 0 0 0 1 0 0 0 0])
  ("Success" .
   [0 0 1 0 0 0 0])
  ("dtml-if" .
   [1 0 0 0 1 0 0])
  ("selectUserNames" .
   [0 0 0 0 0 0 0 0 0 0 1 0 0 0 0])
  ("common" .
   [0 0 0 0 1 0])
  ("compile" .
   [0 0 0 0 1 0 0])
  ("load-file" .
   [2 0 0 0 1 0 0 0 0])
  ("fg" .
   [1 0])
  ("sou" .
   [1 0 0])
  ("." .
   [2])
  ("bin" .
   [3 0 0])
  ("Model" .
   [1 0 0 0 0])
  ("results" .
   [0 0 0 0 1 0 0])
  ("print" .
   [13 0 0 0 0])
  ("imp" .
   [1 0 0])
  ("pdb" .
   [6 0 2])
  ("pr" .
   [0 1])
  ("idpool_idn" .
   [0 0 0 1 0 0 0 0 0 0])
  ("enc_type_cd" .
   [1 0 0 0 0 1 0 0 0 0 0])
  ("require" .
   [2 0 0 1 0 1 0])
  ("undo" .
   [0 0 0 1])
  ("njagadeesh" .
   [0 0 0 1 0 0 0 0 0 0])
  ("zeomega.net" .
   [0 0 1 0 0 0 0 0 0 0 0])
  ("add-to-list" .
   [0 0 0 1 0 0 0 0 0 0 0])
  ("sdfs" .
   [1 0 0 0])
  ("a=" .
   [1 0])
  ("a=entity_active_dict" .
   [1 0 0 0 0 0 0 0 0 0 0 0 0 0 0 0 0 0 0 0])
  ("0" .
   [4])
  ("2" .
   [2])
  ("entity_active" .
   [0 0 0 0 2 0 0 0 0 1 0 0 0])
  ("is_active" .
   [0 0 2 2 2 1 0 0 0])
  ("False" .
   [2 0 0 0 0])
  ("if" .
   [8 1])
  ("colname" .
   [1 0 0 1 0 0 0])
  ("is" .
   [1 0])
  ("True" .
   [6 0 0 0])
  ("entity_active_flag" .
   [0 0 0 0 0 0 0 0 0 0 0 0 0 0 1 0 0 0])
  ("to_colname" .
   [0 0 0 1 0 0 0 0 0 0])
  ("get" .
   [2 0 0])
  ("and" .
   [2 0 0])
  ("not" .
   [1 0 0])
  ("in" .
   [12 0])
  ("kw" .
   [1 0])
  ("sum-of-digits" .
   [0 0 1 1 0 0 0 0 0 0 0 0 0])
  ("<" .
   [1])
  ("mod" .
   [1 0 0])
  ("10" .
   [2 0])
  (">" .
   [1])
  ("x" .
   [1])
  ("o" .
   [1])
  ("sum-to-digit" .
   [0 0 0 0 0 0 1 0 0 0 0 0])
  ("12345" .
   [1 0 0 0 0])
  ("y" .
   [2])
  ("js2-mode" .
   [0 0 1 0 0 0 0 0])
  ("load-path" .
   [1 0 0 0 0 1 0 0 0])
  ("r" .
   [1])
  ("w" .
   [1])
  ("request" .
   [3 0 0 0 0 0 0])
  ("has_key" .
   [0 0 0 1 0 0 0])
  ("load" .
   [1 0 0 0])
  ("lambda" .
   [0 0 0 1 0 0])))
